0.147500337662
0.00397581418898
0.000834867983299
0.0219883584628
0.0972697898038
0.00214222513926
0.00110674334239
0.000288275003441
0.0144244636579
0.0104787565179
0.00128613274818
0.164913091046
0.165891763371
0.00752432582188
0.000679623283516
0.000402426340455
0.00032670089484
0.00527851981489
0.00480336803274
0.0097042834932
0.18959988674
0.00051065366259
0.00173179264177
0.0157487339175
0.00590267200969
0.000689570472688
0.0130220003023
0.00135284705862
0.00176688175555
0.134444155632
0.00398634692125
0.0664174063043
0.00669460806917
0.00337941242127
0.000674426431267
0.00233129334027
0.150575458755
0.013634853489
0.0016331746725
0.00360144154606
0.00112270874538
0.000346818286183
0.00424018405052
0.386608788572
0.00415050356151
0.00278811769892
0.00170598490143
0.00325100425011
0.000338856386679
0.00858500097431
0.00307982004962
0.000819937184549
0.266885154448
0.00030140645175
0.00295503663033
0.00209664867155
0.00138421772926
0.000297414387257
0.436401293297
0.557135040369
0.0159086888061
0.00186549297081
0.000790865441961
0.000234590611371
0.39225185983
0.00867081073815
0.00455512042884
0.000602339086908
0.00337705721069
0.00124967981658
0.183990737642
0.012704154613
0.00259608479291
0.0372779882319
0.00334560030738
0.00196999909408
0.00086563323202
0.191783836975
0.0288481884318
0.211716151084
0.000905149795036
0.000570556760655
0.00150109929098
0.000449121468508
0.096992418593
0.000283899581702
0.00427187853214
0.000937148994324
0.00297269412302
0.000242440479884
0.000577783611722
0.0215727773183
0.0570671215077
0.000444504883799
0.00156554064521
0.0530722882144
0.402165488715
0.00207348321553
0.0278938846299
0.59400428098
1.0
1.0
1.0
1.0
0.344192015141
1.0
1.0
0.999999999599
1.0
1.0
1.0
0.999999989987
0.997434177698
1.0
1.0
1.0
1.0
0.56354686517
1.0
0.999999999221
1.0
0.877190538167
0.99574526189
0.999997589759
0.991162732873
0.99476739228
0.946084295543
0.999999978408
1.0
0.999999999999
0.999487772199
1.0
0.999849125088
1.0
0.999994175877
0.999969268035
0.974000005434
0.999993058213
0.998427624876
1.0
0.999587587646
1.0
1.0
1.0
0.999906424724
0.95935211924
1.0
0.999997286631
1.0
0.854908885474
1.0
0.999999990355
0.888019868068
0.999999999992
0.999998622933
1.0
1.0
0.999999588325
1.0
0.999986428551
0.999834632441
0.97141372435
0.999909031391
0.999999998025
1.0
0.99999536022
1.0
0.999999032213
0.999999999513
0.994211001826
0.999889671751
0.991268103107
0.986200189906
0.999999999087
0.988299903865
0.999731520052
1.0
0.995534623913
0.993169797895
1.0
0.999882950909
0.998735394376
1.0
0.999929502857
0.999998010602
0.977212773704
0.968657467258
1.0
1.0
0.999999999995
1.0
0.997739849588
1.0
1.0
0.970193117096
1.0
1.0
0.998962981028
0.9111651623
1.0