3.46953934635	-2.94047937313
-2.00226074714	2.60783744166
-4.75895865825	4.36212903098
3.54706898849	-3.89808254516
-3.14690086851	2.81056666734
-3.24926157329	1.97213830547
0.406175278828	1.10857016299
2.27841050093	-1.78393568169
-2.07427517647	4.14556514165
5.13213593	-5.62232983817
-2.5315484543	3.71389027752
-2.42920670352	2.35310878187
3.34567380262	-2.25753951479
4.05617528835	-3.19395565609
4.99663339533	-4.97078635723
6.16718400176	-6.41362225962
-4.07516832749	1.14138316551
3.13207952312	-4.58128538237
-3.83779781523	3.73075770158
-1.97496889699	2.17258721167
